2462559
2462559
2462559
2462559
2462559
2462559
2462559
2462559
2462559
2462559
2462559
2486419
2499919
2499919
2499919
2499919
2580144
2631714
2631714
2631714
2631714
2631714
2631714
2631714
2631714
2631714
2633849
2631714
2633849
2633849
2633849
2633849
2636349
2633849
2633849
2633849
2633849
2636349
2633849
2636349
2633849
2636349
2636349
2636349
2636349
2636349
2636349
2636349
2636349
2636349
2641859
2641859
2636349
2636349
2636349
2641859
2641859
2641859
2636349
2636349
2641859
2641859
2641859
2641859
2641859
2641859
2641859
2641859
2641859
2641859
2641859
2641859
2641859
2641859
2641859
2641859
2641859
2641859
2641859
2641859
2641859
2641859
2641859
2641859
2641859
2641859
2641859
2641859
2641859
2641859
2641859
2659859
2659859
2641859
2641859
2641859
2641859
2641859
2641859
2659859
2641859
2659859
2641859
2659859
2659859
2659859
2659859
2659859
